9
3.63486E+00 3.28743E+00 3.60814E+00 3.01123E+00 3.01123E+00 4.01793E+00 3.11043E+00 3.40029E+00 0.00000E+00
3.28743E+00 2.94000E+00 3.26070E+00 2.66380E+00 2.66380E+00 3.67050E+00 2.76300E+00 3.05286E+00 0.00000E+00
3.60814E+00 3.26070E+00 3.58141E+00 2.98451E+00 2.98451E+00 3.99121E+00 3.08371E+00 3.37356E+00 0.00000E+00
3.01123E+00 2.66380E+00 2.98451E+00 2.38761E+00 2.38761E+00 3.39431E+00 2.48680E+00 2.77666E+00 0.00000E+00
3.01123E+00 2.66380E+00 2.98451E+00 2.38761E+00 2.38761E+00 3.39431E+00 2.48680E+00 2.77666E+00 0.00000E+00
4.01793E+00 3.67050E+00 3.99121E+00 3.39431E+00 3.39431E+00 4.40100E+00 3.49350E+00 3.78336E+00 0.00000E+00
3.11043E+00 2.76300E+00 3.08371E+00 2.48680E+00 2.48680E+00 3.49350E+00 2.58600E+00 2.87586E+00 0.00000E+00
3.40029E+00 3.05286E+00 3.37356E+00 2.77666E+00 2.77666E+00 3.78336E+00 2.87586E+00 3.16572E+00 0.00000E+00
0.00000E+00 0.00000E+00 0.00000E+00 0.00000E+00 0.00000E+00 0.00000E+00 0.00000E+00 0.00000E+00 0.00000E+00
7.80000E-02 8.83176E-02 6.60908E-02 4.32666E-02 5.22494E-02 8.83176E-02 8.83176E-02 1.10061E-01 0.00000E+00
8.83176E-02 1.00000E-01 7.48331E-02 4.89898E-02 5.91608E-02 1.00000E-01 1.00000E-01 1.24619E-01 0.00000E+00
6.60908E-02 7.48331E-02 5.60000E-02 3.66606E-02 4.42719E-02 7.48331E-02 7.48331E-02 9.32566E-02 0.00000E+00
4.32666E-02 4.89898E-02 3.66606E-02 2.40000E-02 2.89828E-02 4.89898E-02 4.89898E-02 6.10508E-02 0.00000E+00
5.22494E-02 5.91608E-02 4.42719E-02 2.89828E-02 3.50000E-02 5.91608E-02 5.91608E-02 7.37258E-02 0.00000E+00
8.83176E-02 1.00000E-01 7.48331E-02 4.89898E-02 5.91608E-02 1.00000E-01 1.00000E-01 1.24619E-01 0.00000E+00
8.83176E-02 1.00000E-01 7.48331E-02 4.89898E-02 5.91608E-02 1.00000E-01 1.00000E-01 1.24619E-01 0.00000E+00
1.10061E-01 1.24619E-01 9.32566E-02 6.10508E-02 7.37258E-02 1.24619E-01 1.24619E-01 1.55300E-01 0.00000E+00
0.00000E+00 0.00000E+00 0.00000E+00 0.00000E+00 0.00000E+00 0.00000E+00 0.00000E+00 0.00000E+00 0.00000E+00
