11
3.63486E+00 3.28743E+00 3.60814E+00 3.01123E+00 3.01123E+00 3.73285E+00 3.49231E+00 3.66604E+00 3.11043E+00 3.40029E+00 0.00000E+00
3.28743E+00 2.94000E+00 3.26070E+00 2.66380E+00 2.66380E+00 3.38542E+00 3.14488E+00 3.31861E+00 2.76300E+00 3.05286E+00 0.00000E+00
3.60814E+00 3.26070E+00 3.58141E+00 2.98451E+00 2.98451E+00 3.70612E+00 3.46559E+00 3.63932E+00 3.08371E+00 3.37356E+00 0.00000E+00
3.01123E+00 2.66380E+00 2.98451E+00 2.38761E+00 2.38761E+00 3.10923E+00 2.86869E+00 3.04242E+00 2.48680E+00 2.77666E+00 0.00000E+00
3.01123E+00 2.66380E+00 2.98451E+00 2.38761E+00 2.38761E+00 3.10922E+00 2.86869E+00 3.04242E+00 2.48680E+00 2.77666E+00 0.00000E+00
3.73285E+00 3.38542E+00 3.70612E+00 3.10923E+00 3.10922E+00 3.83084E+00 3.59030E+00 3.76403E+00 3.20842E+00 3.49828E+00 0.00000E+00
3.49231E+00 3.14488E+00 3.46559E+00 2.86869E+00 2.86869E+00 3.59030E+00 3.34977E+00 3.52350E+00 2.96789E+00 3.25774E+00 0.00000E+00
3.66604E+00 3.31861E+00 3.63932E+00 3.04242E+00 3.04242E+00 3.76403E+00 3.52350E+00 3.69722E+00 3.14161E+00 3.43147E+00 0.00000E+00
3.11043E+00 2.76300E+00 3.08371E+00 2.48680E+00 2.48680E+00 3.20842E+00 2.96789E+00 3.14161E+00 2.58600E+00 2.87586E+00 0.00000E+00
3.40029E+00 3.05286E+00 3.37356E+00 2.77666E+00 2.77666E+00 3.49828E+00 3.25774E+00 3.43147E+00 2.87586E+00 3.16572E+00 0.00000E+00
0.00000E+00 0.00000E+00 0.00000E+00 0.00000E+00 0.00000E+00 0.00000E+00 0.00000E+00 0.00000E+00 0.00000E+00 0.00000E+00 0.00000E+00
7.80000E-02 8.83176E-02 6.60908E-02 4.32666E-02 5.22494E-02 1.68476E-01 8.90212E-02 7.60249E-02 8.83176E-02 1.10061E-01 0.00000E+00
8.83176E-02 1.00000E-01 7.48331E-02 4.89898E-02 5.91608E-02 1.90762E-01 1.00797E-01 8.60813E-02 1.00000E-01 1.24619E-01 0.00000E+00
6.60908E-02 7.48331E-02 5.60000E-02 3.66606E-02 4.42719E-02 1.42753E-01 7.54293E-02 6.44173E-02 7.48331E-02 9.32566E-02 0.00000E+00
4.32666E-02 4.89898E-02 3.66606E-02 2.40000E-02 2.89828E-02 9.34537E-02 4.93801E-02 4.21711E-02 4.89898E-02 6.10508E-02 0.00000E+00
5.22494E-02 5.91608E-02 4.42719E-02 2.89828E-02 3.50000E-02 1.12856E-01 5.96321E-02 5.09264E-02 5.91608E-02 7.37258E-02 0.00000E+00
1.68476E-01 1.90762E-01 1.42753E-01 9.34537E-02 1.12856E-01 3.63900E-01 1.92281E-01 1.64210E-01 1.90762E-01 2.37726E-01 0.00000E+00
8.90212E-02 1.00797E-01 7.54293E-02 4.93801E-02 5.96321E-02 1.92281E-01 1.01600E-01 8.67671E-02 1.00797E-01 1.25612E-01 0.00000E+00
7.60249E-02 8.60813E-02 6.44173E-02 4.21711E-02 5.09264E-02 1.64210E-01 8.67671E-02 7.40999E-02 8.60813E-02 1.07274E-01 0.00000E+00
8.83176E-02 1.00000E-01 7.48331E-02 4.89898E-02 5.91608E-02 1.90762E-01 1.00797E-01 8.60813E-02 1.00000E-01 1.24619E-01 0.00000E+00
1.10061E-01 1.24619E-01 9.32566E-02 6.10508E-02 7.37258E-02 2.37726E-01 1.25612E-01 1.07274E-01 1.24619E-01 1.55300E-01 0.00000E+00
0.00000E+00 0.00000E+00 0.00000E+00 0.00000E+00 0.00000E+00 0.00000E+00 0.00000E+00 0.00000E+00 0.00000E+00 0.00000E+00 0.00000E+00
